,total_RNA,ratio,log FC,original,knocked
SUPT5H,247496.6337347477,0.3208358807488423,-3.1267865,0.79407924,0.09090909
TAF1,258507.71471667782,0.3351098117172149,-inf,0.22760122,0.0
TAF12,325403.5888298613,0.4218285535671313,-inf,0.44962996,0.0
EIF2S1,326694.0062565265,0.4235013529315925,-3.7152796,1.7407053,0.13253012
XAB2,363139.2806070918,0.4707462447870859,-1.4222423,0.17866783,0.06666667
FUNDC2,373335.8045507307,0.48396424573791963,-3.075256,0.5746626,0.06818182
SRP68,384028.79821010906,0.49782583240590345,-4.112279,0.62890726,0.036363635
SARS,385350.9923264165,0.4995398246627883,-2.0251539,1.0175881,0.25
TAF8,386385.0504120007,0.5008802992043104,-2.994084,0.10483239,0.013157895
PABPN1,386615.79120355,0.5011794140810031,-2.579788,1.0207226,0.17073171
GPKOW,387342.0850789663,0.5021209264227484,-2.9689233,0.18641707,0.023809524
EIF2S3,400344.49015954154,0.5189762590506277,-3.3741286,1.7774489,0.17142858
TAF2,406958.20115152816,0.5275497727954912,-inf,0.29612538,0.0
MED22,415817.4549370068,0.5390342380512403,-inf,0.11414889,0.0
CWC22,422864.58700519043,0.5481696060347592,-2.1426616,0.3839791,0.08695652
RPL19,427291.36153293576,0.5539081410728068,-4.537098,42.718937,1.84
SUPT6H,428462.8879246031,0.5554268191090259,-2.181851,0.86425775,0.1904762
BDP1,429962.258553864,0.5573704895709176,-3.455681,1.1671746,0.10638298
BUD13,434400.7750242488,0.5631242459736021,-inf,0.19521114,0.0
SART1,435333.0684065043,0.5643328004654293,-1.8558353,0.41367,0.114285715
PPRC1,439486.56497622107,0.5697170786676151,-4.3929152,0.3819765,0.018181818
DHDDS,443510.0488453121,0.5749328182570355,-3.8670273,0.24318677,0.016666668
MED30,448881.39107971924,0.5818958192909259,-inf,0.14375272,0.0
SRP72,456278.2226624216,0.5914845112249366,-2.7413914,2.8134959,0.4207317
TFPT,456705.73110104183,0.5920387007682953,-inf,0.17666522,0.0
TAF5,460631.9954604287,0.5971284123526022,-inf,0.13469744,0.0
AARS,460922.89918127935,0.5975055178917112,-3.0775893,0.42925555,0.050847456
CDC40,463201.08948060975,0.6004587911551469,-2.324062,0.5007401,0.1
MED27,464269.57098522893,0.601843889608509,-inf,0.6067044,0.0
DHX8,466442.4023024653,0.6046605834716318,-1.7035285,0.2742708,0.08421053
TTI1,467160.0264034725,0.6055908569748262,-3.916456,0.18641707,0.012345679
ZC3H13,467710.1198766054,0.6063039564674678,-3.4255383,1.4390074,0.13392857
SNRPD3,469228.6803784127,0.6082725032259256,-1.7495475,1.260949,0.375
EIF2B4,472205.8479746295,0.6121318776887429,-2.9970057,0.23831084,0.029850746
PABPC1,479959.5641884537,0.6221832078139236,-1.7194746,10.040923,3.0490196
CTR9,482168.11870918237,0.6250462105309594,-2.654928,0.6144536,0.09756097
ZC3H8,482192.03053233604,0.6250772080064647,-inf,0.16595559,0.0
ESYT2,488089.56547124777,0.6327223253877406,-4.4043202,0.4235089,0.02
RPL12,493541.68493106944,0.6397900398953833,-2.4207945,43.101696,8.049383
GTF2H1,494697.6096728745,0.6412884931350095,-3.2805142,0.4858511,0.05
SLC39A7,495383.5817631028,0.6421777353700104,-5.1525273,1.48202,0.041666668
RPS6,497769.43422844226,0.6452705737068517,-3.9794796,40.826904,2.5882354
TYK2,498746.3953114388,0.646537032021014,-1.7998884,0.11606443,0.033333335
ETF1,500560.45409055264,0.6488886403533961,-3.578031,1.7786678,0.14893617
MED28,501798.85342657904,0.6504940074070694,-inf,0.5017849,0.0
TAF7,502976.5156686637,0.6520206394947964,-1.4542154,1.3979974,0.5102041
EXOC1,503616.81037111155,0.6528506690256984,-3.2953303,0.4090553,0.041666668
UTP18,504207.42843203165,0.6536163015230056,-3.777575,0.8067044,0.05882353
MTOR,507109.9852323674,0.6573789562040278,-2.5172224,0.2806269,0.04901961
CSTF3,509837.6447921454,0.6609148873560542,-2.0345137,0.6726165,0.1641791
SUPT16H,511891.18273747514,0.6635769383318552,-3.1473775,2.6849804,0.3030303
PFDN2,512345.38918004226,0.6641657371443634,-7.1471705,3.5436656,0.025
RPL30,512560.9117897842,0.6644451243233905,-3.5642009,24.522594,2.0731707
DGCR8,515205.85359059455,0.6678738264410197,-1.9454372,0.2567697,0.06666667
NAT10,515354.2592149441,0.6680662082462901,1.5682274,0.22481498,0.6666667
SFPQ,516696.2698114066,0.6698058890863609,-2.2065341,4.654767,1.0084746
SNIP1,516751.9546874935,0.6698780747399358,-inf,0.1557684,0.0
RPAP3,516947.14551715954,0.670131105340009,-3.1721632,0.46225512,0.051282052
NELFB,521523.08531188016,0.6760630069264617,-3.6266096,0.48437092,0.039215688
ARPC4,522630.89329656184,0.6774990852484274,-2.5393724,2.145407,0.3690476
MYC,523006.8368688796,0.6779864300066826,-1.304451,0.7467131,0.30232558
EIF2S2,523255.2873999294,0.6783085024476246,-2.3122656,3.5657814,0.71794873
MED11,524777.9978057467,0.6802824288271624,-3.4372797,0.32825425,0.030303031
RACK1,524853.5738093173,0.6803803998310631,-6.135152,27.032825,0.3846154
WDR43,527452.7825651306,0.6837498170947953,-3.109408,1.3076186,0.15151516
RPS4X,528152.4414580137,0.684656801863576,-3.3331108,32.752895,3.25
PRPF6,528301.5533871432,0.6848500992688397,-1.6927748,0.67784065,0.20967741
RPS24,530719.902145285,0.6879850633371101,-2.3570848,51.637875,10.078947
PPP2CB,530833.2882583308,0.688132048501695,-2.952179,0.6517196,0.08421053
NOL11,531996.3861783291,0.6896398005059495,-4.199762,0.6125381,0.033333335
POLR2B,532224.7432554009,0.6899358253158306,-3.0460262,1.0011319,0.121212125
MED29,533523.163472174,0.6916189988909386,-3.5647225,0.3944275,0.033333335
BAG6,533661.5770195879,0.6917984277248664,-3.62518,0.5213757,0.04225352
EXOC5,534226.2893215001,0.6925304779593271,-4.2524657,0.8110579,0.04255319
RPP21,535368.2290649014,0.6940108021068018,-4.251091,0.5997388,0.031496063
RPL18,537470.7770298859,0.6967363859581177,-2.7337987,31.297344,4.704918
ASCC3,538859.0744129797,0.6985360694807775,-4.232352,1.3319982,0.070866145
BUD23,541235.4152477152,0.7016165776604926,-inf,1.2315193,0.0
DDX18,545233.3331329221,0.7067991754457885,-3.0353174,1.1711798,0.14285715
RPL35,548115.8679834716,0.7105358751883654,-3.8438506,24.49421,1.7058823
CYFIP1,548252.8387894408,0.710713433761615,-inf,0.85694385,0.0
ZNF143,549898.1118575219,0.7128462410887477,-2.8060083,0.21854593,0.03125
SRP19,552035.6110767312,0.7156171330974446,-2.4882057,1.4962125,0.26666668
SAMM50,552646.6451298248,0.7164092313398873,-inf,0.6811493,0.0
UXT,553553.9062734123,0.7175853359344414,-4.260981,1.4978667,0.078125
EEFSEC,554612.8497849875,0.7189580700564078,-inf,0.12451023,0.0
GTF3C2,555882.1212953646,0.7206034574574246,-2.7338216,0.24945581,0.0375
WDR33,555916.0506829267,0.7206474409443008,-3.5065143,0.66852415,0.05882353
EIF2B3,556569.5951842502,0.7214946465103991,-5.365895,0.3965172,0.009615385
RUVBL1,556938.613823304,0.7219730143099404,-2.3319814,1.3539399,0.26890758
GTF2E2,556954.5481928005,0.7219936704190537,-2.8211758,0.45433173,0.06428572
PRELID1,557575.2808367425,0.722798341179716,-5.2541103,7.1001306,0.18604651
YKT6,558088.651168697,0.7234638355750034,-inf,0.5839791,0.0
GPN1,559141.3387214871,0.7248284599460754,-3.7352374,0.5326948,0.04
TAF3,559265.0637945029,0.724988847754882,-inf,0.26286462,0.0
BRF1,560430.0598836003,0.726499060401714,-3.1103857,0.14157596,0.016393442
RRN3,560496.3378039185,0.7265849780750924,-2.5999582,0.27557683,0.045454547
MED7,560503.8212873413,0.7265946790959055,-1.60422,0.23387027,0.07692308
RTF1,564098.8447246358,0.731254995050155,-3.1423237,1.4127122,0.16
RPSA,564551.4561004977,0.7318417261390604,-2.5710628,38.87366,6.5416665
PNKP,1192297.9927648902,1.5456047658158274,-2.8636227,0.5019591,0.06896552
ROMO1,1193642.7601786738,1.5473480203849623,-2.1480281,1.4774053,0.33333334
SURF6,1196384.7663402949,1.5509025493844366,-0.8341125,0.36569437,0.20512821
DHX33,1196933.6946771836,1.5516141384827453,-3.8153632,0.31284285,0.022222223
CDC27,1198014.026665862,1.5530145990056154,-2.1109614,1.136787,0.2631579
GINS2,1199516.2326807447,1.5549619450465626,-4.75589,0.9158903,0.033898305
DDX24,1199779.3695379195,1.5553030557277674,-0.658287,2.2094905,1.4
ANAPC5,1201467.1044850629,1.5574909074171672,-inf,1.352721,0.0
MASTL,1204827.8686994421,1.561847547466927,-inf,0.33417502,0.0
PYURF,1206900.1709731517,1.5645339230960842,-1.6006683,1.4153243,0.46666667
EIF3D,1207087.7968762654,1.564777147098643,-3.1597843,2.4373531,0.27272728
COPS4,1209323.1312074382,1.567674865132572,-1.1077942,0.63387024,0.29411766
PCM1,1211442.445622203,1.5704221837388264,-3.2819922,1.7369612,0.17857143
USP37,1211911.5969898715,1.5710303560197139,-2.3749804,0.23578581,0.045454547
EIF3E,1213570.1034864925,1.5731803181607804,-3.0807106,4.060949,0.48
CCDC137,1216154.901556131,1.5765310545029931,-4.7435327,0.65337396,0.024390243
RPP38,1217502.1933110866,1.5782775814367298,-inf,0.3211145,0.0
C19orf53,1218035.2551354019,1.5789686023904976,-3.0719855,3.5038745,0.41666666
NLE1,1219927.8232918363,1.58142198433022,-2.6175654,0.16586852,0.027027028
LSM10,1220323.4481321028,1.581934842392803,-2.9269474,0.96926427,0.12745099
PHF5A,1220765.7689044273,1.5825082335231013,-2.327261,0.32033086,0.06382979
RBM22,1225252.721962525,1.5883247794475859,-inf,0.41306052,0.0
RPL5,1227614.1801426255,1.5913859948816353,-3.0960321,28.01071,3.275862
POLD1,1228342.5990039366,1.592330261894064,-inf,0.21663038,0.0
UTP6,1234411.5380301005,1.6001975745451003,-2.3384893,0.6322159,0.125
TIMM9,1240267.9620904024,1.6077893988987173,-2.761303,0.6614715,0.09756097
PIP4K2C,1245064.05038973,1.614006684323751,-0.018596295,0.1447105,0.14285715
EMC1,1247925.3703612091,1.6177158827047589,-2.1986816,0.41732696,0.09090909
MCM3,1249595.0266736755,1.6198802986221572,-4.2785997,1.4530257,0.07486631
ISG20L2,1253492.0129585792,1.624932056329388,-inf,0.35411406,0.0
NAE1,1253688.0776854218,1.6251862197835374,-5.3358545,1.5240749,0.03773585
CASP8AP2,1254828.0120673731,1.626663944332394,-1.9104787,0.53704834,0.14285715
MCM7,1263725.7396107807,1.6381982840523917,-2.342003,1.5102308,0.29787233
CUL3,1269042.1056541202,1.6450900181182624,-3.9442677,1.5091859,0.09803922
HSPH1,1274993.5178555225,1.6528049778998273,-5.601532,1.8674793,0.03846154
CDK1,1278681.8901967888,1.6575863042992325,-2.7616067,1.3405311,0.19767442
POLR1D,1278895.3110690874,1.657862966945107,-4.425125,1.8680888,0.08695652
POLR1A,1279314.9393641544,1.6584069412675184,-inf,0.23561166,0.0
KIF23,1281182.9780750487,1.6608285250928767,-inf,1.3908577,0.0
CDC23,1285670.0508379636,1.666645226193615,-inf,0.2602525,0.0
CEP192,1285878.5065215733,1.666915452345134,-2.5823379,0.42028734,0.07017544
SNAPC4,1297056.7971075773,1.6814061411731316,0.8419061,0.12825425,0.22988506
HNRNPC,1299198.5210654032,1.6841825098128214,-3.5875657,7.071572,0.5882353
PRIM1,1301399.6302918168,1.6870358610145095,-2.263826,0.44675663,0.093023255
POLD2,1305241.5654981243,1.6920162546752036,-3.8396823,1.9885068,0.1388889
LYRM4,1313088.471691174,1.7021883892275418,-2.6732748,0.6378755,0.1
THOC5,1313402.8262599595,1.7025958946688151,-3.3066862,0.32442316,0.032786883
PLK1,1320464.8811936046,1.7117506075242677,-2.6247666,1.1993034,0.19444445
ZNF830,1320879.2537394494,1.7122877686916667,-inf,0.22394428,0.0
RFC2,1322131.9778946426,1.713911705355377,-4.9813814,0.79973876,0.025316456
SPDL1,1330109.6015614346,1.7242532921349416,-2.6188645,1.1168481,0.18181819
RAD51,1330206.0103989535,1.7243782692460665,-2.4748,0.2526774,0.045454547
RBBP8,1338901.2677835377,1.735650141995297,-3.1055095,0.8903788,0.10344828
RFC5,1339294.6032796567,1.736160032325613,-3.0262334,0.37030908,0.045454547
U2SURP,1346271.1740968153,1.7452039300504147,-2.7495272,2.0692208,0.30769232
MMS22L,1348179.1226011866,1.7476772499076838,-inf,0.32668698,0.0
METTL21A,1349061.41770648,1.7488209904221128,-4.63492,0.23439269,0.009433962
PSMD4,1356801.6426515253,1.7588548314888128,-3.2118487,1.7818023,0.1923077
RPL36A,1358960.3675878085,1.7616532389086454,-3.200463,11.715978,1.2745098
LRR1,1363825.1874092843,1.767959622670537,-2.764278,0.6660862,0.09803922
POLD3,1364799.7185675786,1.7692229310144543,-2.1033578,0.5371354,0.125
KPNA6,1366233.504627189,1.771081582610231,-inf,0.6786243,0.0
GINS4,1368357.6463627578,1.7738351589893628,-3.577753,0.29481933,0.024691358
ANLN,1369339.333928056,1.7751077443570096,-inf,2.5967784,0.0
RIOK2,1371493.1554024424,1.777899795300422,-inf,0.43796256,0.0
NPAT,1378841.257518774,1.7874253180469346,-inf,0.2870701,0.0
UBA3,1383180.8835764532,1.7930508804124752,-3.8441536,0.47087505,0.032786883
BIRC5,1386904.440966021,1.7978778180421853,-1.9596093,2.3337398,0.6
NOP2,1391668.8738002982,1.80405406772117,-2.9973595,0.49908575,0.0625
NOLC1,1401491.4677759986,1.8167873341978755,-2.9022465,1.7252067,0.23076923
MCM5,1401558.2976902092,1.8168739674343062,-3.1118684,0.7204179,0.083333336
RFC3,1420285.5266881809,1.8411505279631613,-1.7306981,0.4352634,0.13114753
GTF3A,1431595.6134592176,1.8558120673779575,-3.3011646,2.6640835,0.27027026
GINS1,1433383.8756663592,1.8581302349892916,-2.9506788,0.17570744,0.022727273
MCM4,1433578.0001674665,1.8583818832818275,-3.7983544,1.391293,0.1
MCM2,1438686.6120880865,1.8650043006465533,-3.7597225,0.32250762,0.023809524
TOPBP1,1441876.0154732137,1.869138801502946,-2.698206,0.68315196,0.10526316
RFC4,1467397.985252127,1.9022235490766797,-4.499645,0.6283848,0.027777778
TOP2A,1469326.2521081779,1.9047232081053471,-4.5697775,3.9581194,0.16666667
TAF1B,1478545.9131000019,1.9166748779518463,-inf,0.45694384,0.0
PPIE,1478770.1282497256,1.9169655334809874,-3.5757422,0.45859817,0.03846154
CNOT1,1497373.3370571348,1.9410813236330124,-2.7462614,0.67775357,0.1010101
PPIL2,1503199.484697042,1.9486338999295683,-inf,0.17274706,0.0
DNAJC9,1504399.8557308412,1.9501899699740082,-3.9111342,2.735307,0.18181819
TIPIN,1514717.6251377207,1.9635651443554403,-3.7013187,0.38258597,0.029411765
RBX1,1538725.0306421102,1.9946865255769335,-2.4842818,3.683152,0.65822786
SUGT1,1569944.800456083,2.0351574693384435,-2.229115,1.562821,0.33333334
RBM48,1596298.9582164055,2.069321002348307,-0.9456005,0.110056594,0.057142857
BMP2K,1597032.8992603554,2.070272427899839,-2.883156,0.3207662,0.04347826
ECT2,1619462.012252725,2.0993478303113093,-2.8052034,1.4561602,0.20833333
EMG1,1624969.560252888,2.1064873981782917,-inf,1.7406182,0.0
MCM6,1627134.3706323707,2.109293694305535,-3.2402415,0.6803657,0.072
TIMELESS,1653666.1450264195,2.1436874760596223,-2.9202693,0.42054853,0.055555556
MRPL13,1663637.8693074032,2.156614063763045,-3.3046598,1.5201567,0.15384616
PEX1,1734366.4798166105,2.2483012746330866,-inf,0.21131912,0.0
RAD51C,1746101.5836222523,2.2635137739238744,-3.8831902,0.5675229,0.03846154
CNOT3,1755453.3915909173,2.2756367490970892,-2.0523195,0.35150197,0.084745765
TONSL,1849294.9525778198,2.397285837473567,-1.0922848,0.13905093,0.06521739
SKP1,1912209.452192877,2.4788434271315456,-3.3913755,7.384066,0.7037037
NEDD8,1922823.1188290394,2.492602180258012,-2.7660859,5.6874185,0.8360656
